0 1
Обуч: 59,25
Тест: 60,87
Обуч: 70,26
Тест: 72,02
0 1
Обуч: 59,55
Тест: 58,76
Обуч: 70,62
Тест: 68,36
0 1
Обуч: 59,45
Тест: 59,13
Обуч: 70,54
Тест: 69,11
0 1
Обуч: 59,45
Тест: 59,13
Обуч: 70,37
Тест: 69,49
0 1
Обуч: 59,49
Тест: 58,76
Обуч: 70,52
Тест: 69,68
0 1
Обуч: 59,48
Тест: 58,87
Обуч: 70,36
Тест: 70,75
0 1
Обуч: 59,39
Тест: 59,62
Обуч: 70,34
Тест: 70,94
0 1
Обуч: 59,25
Тест: 60,3
Обуч: 70,36
Тест: 70,89
0 1
Обуч: 59,4
Тест: 59,55
Обуч: 70,43
Тест: 69,75
0 1
Обуч: 59,46
Тест: 58,98
Обуч: 70,43
Тест: 70,32
